32    0.000272    0.000105    0.000306    0.000561    0.011503
64    0.002260    0.001060    0.002469    0.002505    0.059760
128    0.012207    0.006161    0.011666    0.022197    0.421473
256    0.107546    0.059601    0.101729    0.138271    2.899030
512    1.291946    0.490854    0.766447    1.182968   27.187840
768    4.643939    2.630361    2.429018    3.756569
1024   13.728083   14.093183    5.768188    8.695407
1280   28.299080   19.261131   11.245785   16.912222
1536   50.709278   51.382149   19.365368   29.494371
1792   85.090973   65.740982   30.750126   47.532890
2048  133.751770  127.737587   45.635750   72.189026
2304  191.001678  164.059052   65.151176   99.156746
2560  282.826355  239.001892   89.344025  134.597260
2816  369.006042  316.199951  118.339394  180.248917
3072  502.130432  427.005951  153.335526  234.239441
3328  616.121094  548.149841  195.910828  297.178650
3584  800.258484  642.914490  244.868790  372.793304
3840  995.109924  821.052917  299.244049  465.575409
4096 1178.445312 1141.242310  398.881775  642.481689
