32    0.000160    0.000076    0.000102    0.000284
64    0.000842    0.000599    0.000737    0.001349
128    0.007133    0.005649    0.006242    0.010601
256    0.079145    0.047552    0.050012    0.092119
512    0.740541    0.439943    0.395495    0.766073
768    2.899203    1.570206    1.356601    2.498568
1024   20.971155   15.908022    3.373118    8.273051
1280   18.974726   10.658965    6.551379   12.176395
1536   55.442554   39.182896   14.101348   23.479685
1792   54.871323   34.037727   20.649973   43.018120
2048  234.982742  108.551437   26.191313   62.612579
2304  141.592255   89.015594   44.272823   87.071289
2560  448.608551  221.227020   56.509632  108.554352
2816  309.728333  199.424927   72.722626  127.704437
3072  824.965881  392.070770  122.772858  408.405365
3328 1242.598022  432.688904  113.144608  216.601883
3584 1099.957764  598.108032  136.112961  277.443878
3840  980.162048  614.815674  167.633926  336.007324
4096 3167.750732  959.393005  203.992188  544.121460
