16    0.000018  
32    0.000343  
48    0.001029  
64    0.002706  
128    0.009568 
192    0.036368 
256    0.080554 
320    0.148578 
384    0.255261 
448    0.402742 
512    0.602180 
576    0.857183 
640    1.172659 
704    1.564789 
768    2.029989 
832    2.599345 
896    3.266289 
960    3.972889 
1024    4.840807
1088    5.815131
1152    6.914717
1216    8.136336
1280    9.492460
1344   11.007344
1408   12.660995
1472   14.452254
1536   16.436316
1600   18.550016
1664   20.854231
1728   23.337444
1792   25.996689
1856   28.989679
1920   31.949268
1984   35.257984
2048   38.793240
2112   42.472996
2176   46.474880
2240   50.668709
2304   55.125816
2368   59.806911
2432   64.758110
2496   69.947456
2560   75.547935
2624   81.286133
2688   87.399422
2752   93.790565
2816  100.422920
2880  107.465881
2944  114.760117
3008  122.524063
3072  130.520493
3136  138.280624
3200  147.166656
3264  156.128540
3328  165.475632
3392  175.274628
3456  185.297653
3520  195.720871
3584  206.324234
3648  217.745407
3712  229.368774
3776  241.221390
3840  254.015015
3904  266.793030
3968  280.186646
4032  293.928131
4096  308.292572
4160  322.665497
4224  338.041595
4288  353.459198
4352  369.401489
4416  385.896576
4480  403.244934
4544  420.352539
4608  437.800110
4672  456.829895
4736  475.937927
4800  495.515442
4864  515.545227
4928  535.934570
4992  557.301086
5056  578.613708
5120  600.612366
5184  623.608887
5248  646.907043
5312  671.210327
5376  695.590759
5440  720.081116
5504  746.268433
5568  772.353638
5632  798.903442
5696  826.266113
5760  854.119507
5824  883.491028
5888  912.433594
5952  942.551575
6016  973.617493
6080 1004.725098
6144 1037.014648
