16    0.000018    0.000018    0.000027 
32    0.000339    0.000343    0.000450 
48    0.001123    0.001029    0.001539 
64    0.001468    0.002706    0.003664 
128    0.015482    0.009568    0.020755
192    0.038260    0.036368    0.047701
256    0.084991    0.080554    0.107292
320    0.172411    0.148578    0.212160
384    0.296398    0.255261    0.373098
448    0.535461    0.402742    0.600470
512    0.764842    0.602180    0.871643
576    1.308485    0.857183    1.238169
640    1.803608    1.172659    1.694252
704    2.516613    1.564789    2.292735
768    3.334002    2.029989    3.024441
832    4.315076    2.599345    3.842702
896    5.571474    3.266289    4.858645
960    7.076612    3.972889    5.745015
1024    8.518878    4.840807    6.993587
1088   10.961567    5.815131    8.913638
1152   13.763004    6.914717   10.008228
1216   18.030432    8.136336   11.963038
1280   21.548403    9.492460   13.764285
1344   25.586683   11.007344   16.345345
1408   30.658710   12.660995   18.367506
1472   28.272465   14.452254   21.194239
1536   41.906483   16.436316   23.888010
1600   48.897106   18.550016   26.911739
1664   56.343201   20.854231   30.296024
1728   70.472961   23.337444   34.069988
1792   71.017998   25.996689   38.670021
1856   84.408134   28.989679   42.372356
1920   67.045296   31.949268   46.539185
1984   99.735306   35.257984   52.936043
2048  110.899834   38.793240   58.098209
2112  123.732979   42.472996   62.035671
2176  135.212067   46.474880   70.522835
2240  149.433197   50.668709   74.070145
2304  148.823578   55.125816   80.489304
2368  180.065750   59.806911   86.673241
2432  117.829910   64.758110   93.911110
2496  213.505157   69.947456  102.152527
2560  236.411453   75.547935  106.601501
2624  255.392227   81.286133  119.261024
2688  275.051758   87.399422  128.929916
2752  167.506744   93.790565  142.294708
2816  268.638977  100.422920  145.827667
2880  295.998627  107.465881  157.305344
2944  304.907898  114.760117  166.238144
3008  300.058167  122.524063  179.354233
3072  228.340134  130.520493  186.181992
3136  446.724060  138.280624  206.232849
3200  462.710632  147.166656  214.755096
3264  358.009338  156.128540  223.737366
3328  540.642395  165.475632  241.752426
3392  446.291412  175.274628  247.873337
3456  592.912720  185.297653  270.063446
3520  480.981750  195.720871  285.128448
3584  621.364624  206.324234  302.910858
3648  582.462158  217.745407  332.453979
3712  628.355957  229.368774  338.302795
3776  650.760010  241.221390  365.362244
3840  651.427856  254.015015  376.978455
3904  626.785278  266.793030  400.786987
3968  659.285339  280.186646  479.209503
4032  915.857666  293.928131  436.431427
4096  769.011780  308.292572  436.650848
4160  864.889526  322.665497  474.650543
4224  789.125488  338.041595  483.537201
4288  999.254395  353.459198  521.968689
4352  864.149780  369.401489  520.200378
4416  987.711975  385.896576  552.892456
4480 1095.005859  403.244934  574.748962
4544 1126.385620  420.352539  607.418152
4608 1147.277588  437.800110  638.321472
4672 1280.225952  456.829895  654.906494
4736 1228.729858  475.937927  668.529419
4800 1222.144653  495.515442  695.902283
4864 1256.731689  515.545227  724.093079
4928 1290.350830  535.934570  758.999512
4992 1488.434570  557.301086  787.586670
5056 1432.414185  578.613708  818.793152
5120 1093.617432  600.612366  862.035400
5184 1649.003662  623.608887  922.719788
5248 1729.415894  646.907043  940.976074
5312 1743.257568  671.210327  947.125854
5376 1647.232422  695.590759  982.089111
5440 1929.458862  720.081116 1067.726074
5504 1693.751953  746.268433 1116.219727
5568 1986.987427  772.353638 1119.075562
5632 2002.142334  798.903442 1134.310913
5696 2013.216187  826.266113 1187.626709
5760 2066.874512  854.119507 1217.941528
5824 2029.519043  883.491028 1282.328369
5888 2236.729492  912.433594 1292.169678
5952 2503.126465  942.551575 1348.666504
6016 2317.912109  973.617493 1383.005737
6080 2395.124512 1004.725098 1428.233276
6144 2718.016602 1037.014648 1479.947754
