16    0.000018  
32    0.000339  
48    0.001123  
64    0.001468  
128    0.015482 
192    0.038260 
256    0.084991 
320    0.172411 
384    0.296398 
448    0.535461 
512    0.764842 
576    1.308485 
640    1.803608 
704    2.516613 
768    3.334002 
832    4.315076 
896    5.571474 
960    7.076612 
1024    8.518878
1088   10.961567
1152   13.763004
1216   18.030432
1280   21.548403
1344   25.586683
1408   30.658710
1472   28.272465
1536   41.906483
1600   48.897106
1664   56.343201
1728   70.472961
1792   71.017998
1856   84.408134
1920   67.045296
1984   99.735306
2048  110.899834
2112  123.732979
2176  135.212067
2240  149.433197
2304  148.823578
2368  180.065750
2432  117.829910
2496  213.505157
2560  236.411453
2624  255.392227
2688  275.051758
2752  167.506744
2816  268.638977
2880  295.998627
2944  304.907898
3008  300.058167
3072  228.340134
3136  446.724060
3200  462.710632
3264  358.009338
3328  540.642395
3392  446.291412
3456  592.912720
3520  480.981750
3584  621.364624
3648  582.462158
3712  628.355957
3776  650.760010
3840  651.427856
3904  626.785278
3968  659.285339
4032  915.857666
4096  769.011780
4160  864.889526
4224  789.125488
4288  999.254395
4352  864.149780
4416  987.711975
4480 1095.005859
4544 1126.385620
4608 1147.277588
4672 1280.225952
4736 1228.729858
4800 1222.144653
4864 1256.731689
4928 1290.350830
4992 1488.434570
5056 1432.414185
5120 1093.617432
5184 1649.003662
5248 1729.415894
5312 1743.257568
5376 1647.232422
5440 1929.458862
5504 1693.751953
5568 1986.987427
5632 2002.142334
5696 2013.216187
5760 2066.874512
5824 2029.519043
5888 2236.729492
5952 2503.126465
6016 2317.912109
6080 2395.124512
6144 2718.016602
