32    0.000150    0.000083    0.000230    0.000294    0.013198
64    0.001217    0.001395    0.002674    0.003709    0.059243
128    0.010595    0.004924    0.010713    0.015333    0.352690
256    0.084800    0.043577    0.077237    0.110638    2.506464
512    0.772804    0.387693    0.610942    0.879501   29.926552
768    3.323464    1.819867    2.027961    3.019799   47.111015
1024    8.963969    8.873088    4.841799    6.994595
1280   21.729292   20.363136    9.525532   13.804405
1536   45.558388   32.470177   16.421778   23.896969
1792   54.648983   46.810249   26.009493   38.622410
2048  111.214714  108.105339   38.772758   58.101746
2304  147.360077  105.521500   55.129082   80.526993
2560  234.967529  166.741211   75.542084  108.997665
2816  317.303070  151.746674  100.422531  145.733475
3072  403.532806  326.524139  130.587677  189.234894
3328  384.164612  374.219360  165.390991  241.874268
3584  570.489990  589.110046  206.359680  303.089874
3840  647.086975  515.552002  254.001999  376.617493
4096  714.609802  817.156555  307.927338  471.544617
