16    0.000023  
32    0.000187  
48    0.000603  
64    0.001419  
128    0.007859 
192    0.028058 
256    0.047334 
320    0.081549 
384    0.145653 
448    0.216170 
512    0.388919 
576    0.466176 
640    0.749243 
704    0.930969 
768    1.809356 
832    3.030735 
896    4.426962 
960    5.464796 
1024   10.490369
1088    8.784250
1152   10.267428
1216   12.439521
1280   14.699186
1344   17.618990
1408   20.203114
1472   23.264946
1536   32.146484
1600   29.699398
1664   35.351089
1728   38.614166
1792   46.222893
1856   49.295200
1920   56.511833
1984   61.689304
2048   99.685005
2112   74.839745
2176   48.681198
2240   89.691116
2304  104.425217
2368  108.627815
2432  119.860336
2496  114.123337
2560  211.011581
2624  149.643677
2688  162.252777
2752  169.695801
2816  202.514175
2880  197.371231
2944  214.102875
3008  224.756683
3072  366.769836
3136  228.389664
3200  278.644684
3264  289.965973
3328  189.785721
3392  331.032318
3456  192.308456
3520  368.375000
3584  629.871399
3648  410.085022
3712  441.842957
3776  457.878510
3840  526.439514
3904  394.797791
3968  393.755035
4032  565.528870
4096  849.331177
4160  504.061951
4224  398.935699
4288  567.576477
4352  584.830200
4416  476.837585
4480  561.342346
4544  534.289795
4608 1169.468750
4672  593.691284
4736  509.382538
4800  498.675537
4864 1163.661011
4928  893.068542
4992  919.938171
5056  871.245056
5120 1626.422729
5184  624.362549
5248  698.549377
5312 1019.276245
5376 1489.921631
5440  680.504028
5504 1098.190308
5568 1006.233582
5632 2131.965576
5696  892.581787
5760  923.866760
5824 1297.536865
5888 2099.614746
5952 1096.994141
6016 1526.104492
6080 1399.470825
6144 2943.282959
