16    0.000027  
32    0.000450  
48    0.001539  
64    0.003664  
128    0.020755 
192    0.047701 
256    0.107292 
320    0.212160 
384    0.373098 
448    0.600470 
512    0.871643 
576    1.238169 
640    1.694252 
704    2.292735 
768    3.024441 
832    3.842702 
896    4.858645 
960    5.745015
1024    6.993587
1088    8.913638
1152   10.008228
1216   11.963038
1280   13.764285
1344   16.345345
1408   18.367506
1472   21.194239
1536   23.888010
1600   26.911739
1664   30.296024
1728   34.069988
1792   38.670021
1856   42.372356
1920   46.539185
1984   52.936043
2048   58.098209
2112   62.035671
2176   70.522835
2240   74.070145
2304   80.489304
2368   86.673241
2432   93.911110
2496  102.152527
2560  106.601501
2624  119.261024
2688  128.929916
2752  142.294708
2816  145.827667
2880  157.305344
2944  166.238144
3008  179.354233
3072  186.181992
3136  206.232849
3200  214.755096
3264  223.737366
3328  241.752426
3392  247.873337
3456  270.063446
3520  285.128448
3584  302.910858
3648  332.453979
3712  338.302795
3776  365.362244
3840  376.978455
3904  400.786987
3968  479.209503
4032  436.431427
4096  436.650848
4160  474.650543
4224  483.537201
4288  521.968689
4352  520.200378
4416  552.892456
4480  574.748962
4544  607.418152
4608  638.321472
4672  654.906494
4736  668.529419
4800  695.902283
4864  724.093079
4928  758.999512
4992  787.586670
5056  818.793152
5120  862.035400
5184  922.719788
5248  940.976074
5312  947.125854
5376  982.089111
5440 1067.726074
5504 1116.219727
5568 1119.075562
5632 1134.310913
5696 1187.626709
5760 1217.941528
5824 1282.328369
5888 1292.169678
5952 1348.666504
6016 1383.005737
6080 1428.233276
6144 1479.947754
