32    0.000336    0.000083    0.000155    0.000278    0.014579
64    0.001315    0.001300    0.002671    0.003568    0.052373
128    0.015888    0.008536    0.016563    0.023080    0.364043
256    0.088248    0.045078    0.082544    0.112276    2.474884
512    0.771071    0.391051    0.602433    0.870539   34.242313
768    3.313928    1.806711    2.031636    3.063200   45.876728
1024    8.619962    9.764158    4.830273    7.000608
1280   20.956844   14.835589    9.504509   13.750668
1536   42.567554   31.137550   16.433327   23.892933
1792   71.564659   45.386257   26.018520   38.625359
2048  111.483604  101.838196   38.783096   54.955799
2304  161.456314  108.179443   55.118343   80.521675
2560  207.882355  204.565277   75.514107  109.006393
2816  284.480103  206.427231  100.464943  145.863754
3072  297.269745  361.852356  130.534470  187.712204
3328  376.832642  368.044739  165.386505  241.871216
3584  577.728455  588.506958  206.559052  302.979980
3840  653.028381  492.621948  254.064117  377.127960
4096  932.045532  868.767761  308.363068  457.239075
