16    0.000002     0.000001     0.000002     0.000002     0.000022     0.000001 
32    0.000004     0.000002     0.000003     0.000004     0.000019     0.000002 
64    0.000019     0.000005     0.000009     0.000010     0.000026     0.000006 
128    0.000108     0.000013     0.000024     0.000033     0.000059     0.000012 
256    0.000280     0.000057     0.000131     0.000059     0.000088     0.000033 
512    0.001119     0.000235     0.000411     0.000168     0.000238     0.000053 
1024    0.003820     0.000958     0.001351     0.000186     0.000299     0.000117 
2048    0.011534     0.002590     0.004800     0.000423     0.001008     0.000335 
4096    0.059081     0.010425     0.017743     0.000743     0.001278     0.000517 
8192    0.222883     0.044326     0.082759     0.002160     0.003603     0.000922 
16384    0.951940     0.163231     0.282924     0.003584     0.006537     0.001846 
32768    3.884605     0.654501     1.093542     0.008324     0.010762     0.003936 
65536   15.581373     2.459320     4.329669     0.019040     0.022232     0.008138 
131072   62.831940    10.072648    17.281977     0.038047     0.047690     0.016575 
262144  274.517731    51.831417    86.893158     0.081169     0.097734     0.039046