32    0.000190    0.000162    0.000306    0.000413    0.008373
64    0.002530    0.000918    0.003056    0.003421    0.060324
128    0.011064    0.005710    0.011065    0.016007    0.376562
256    0.102478    0.048704    0.091297    0.128287    2.646889
512    0.951127    0.441820    0.706770    1.072055   21.298613
768    7.996985    3.897246    2.818725    4.224014
1024   14.157862   14.357458    5.797389    8.689638
1280   29.863960   19.718985   11.262294   16.970524
1536   53.280354   50.023151   19.292673   29.420189
1792   83.218506   72.065887   30.764984   47.563644
2048  128.834534  124.413811   45.832371   72.087631
2304  198.409821  165.467072   64.840416   99.343361
2560  271.044556  234.674225   89.033798  133.998810
2816  370.574951  311.329865  118.759872  179.874680
3072  482.053009  453.493042  153.485870  233.878113
3328  618.141052  525.569580  195.208771  298.370850
3584  778.619324  657.914673  243.219803  375.651428
3840  991.108154  788.551147  299.332062  466.429932
4096 1165.584839 1040.606812  363.296936  586.670349
