8     0.000366
12     0.000313
16     0.002441
24     0.002592
32     0.010253
48    0.02110
64    0.09655
128    0.57158
192    0.59196
256    3.03586
320    3.67714
384    3.68635
448    3.97381
512   20.56643
576   21.96259
640   22.35529
704   22.73255
768   24.15465
832   27.58315
896   27.20678
960   27.25649
1024  158.68348
1088  146.68647
1152  151.39773
1216  160.04357
1280  159.71681
1344  162.29447
1408  162.07862
1472  166.11920
1536  181.67282
1600  168.41943
1664  173.05667
1728  172.61666
1792  181.42662
1856  185.90870
1920  193.93997
1984  192.16166