8    0.000005
12    0.000019
16    0.000039
24    0.000229
32    0.000370
48    0.00159
64    0.00398
128    0.02159
192    0.04556
256    0.13922
320    0.24439
384    0.38972
448    0.69579
512    0.67780
576    1.27778
640    1.73040
704    2.02405
768    3.22110
832    3.48442
896    4.49799
960    4.93649
1024    6.06901
1088    6.80231
1152    8.01746
1216   10.49908
1280   10.75152
1344   15.35095
1408   16.29584
1472   17.03996
1536   19.59296
1600   22.87264
1664   21.73659
1728   28.98218
1792   31.84899
1856   35.88830
1920   37.40183
1984   36.76092