10 10 1.283
10 15 2.255
10 20 2.606
10 25 2.926
10 30 3.654
10 35 3.784
10 40 4.311
10 45 5.179
10 50 4.631
10 55 5.555
10 60 6.167
10 65 6.481
10 70 7.618
10 75 7.920
10 80 9.151
10 85 8.661
10 90 9.046
10 95 9.249
10 100 8.056
15 10 2.100
15 15 3.206
15 20 4.194
15 25 5.053
15 30 6.167
15 35 6.724
15 40 7.887
15 45 7.852
15 50 8.443
15 55 9.463
15 60 9.965
15 65 11.735
15 70 11.139
15 75 10.415
15 80 11.071
15 85 12.508
15 90 13.150
15 95 16.474
15 100 13.395
20 10 4.210
20 15 4.368
20 20 5.724
20 25 7.206
20 30 10.736
20 35 8.479
20 40 11.256
20 45 11.554
20 50 13.864
20 55 10.996
20 60 12.730
20 65 12.601
20 70 13.700
20 75 13.397
20 80 15.458
20 85 15.129
20 90 17.012
20 95 17.325
20 100 16.849
25 10 2.815
25 15 4.553
25 20 5.805
25 25 7.537
25 30 8.473
25 35 10.115
25 40 10.576
25 45 11.556
25 50 12.196
25 55 13.682
25 60 15.088
25 65 15.388
25 70 16.466
25 75 17.060
25 80 18.598
25 85 20.107
25 90 22.293
25 95 23.112
25 100 25.254
30 10 3.342
30 15 5.510
30 20 9.963
30 25 13.066
30 30 13.109
30 35 16.804
30 40 16.306
30 45 15.384
30 50 19.818
30 55 17.666
30 60 21.398
30 65 22.188
30 70 21.629
30 75 23.551
30 80 31.419
30 85 35.950
30 90 27.982
30 95 29.415
30 100 27.852
35 10 4.621
35 15 7.154
35 20 10.056
35 25 10.694
35 30 12.936
35 35 15.348
35 40 16.393
35 45 21.111
35 50 23.044
35 55 29.056
35 60 22.701
35 65 23.454
35 70 25.302
35 75 30.191
35 80 31.289
35 85 33.983
35 90 38.071
35 95 36.623
35 100 31.580
40 10 5.290
40 15 8.086
40 20 12.441
40 25 15.980
40 30 17.542
40 35 15.908
40 40 18.908
40 45 19.582
40 50 23.722
40 55 26.329
40 60 27.164
40 65 28.339
40 70 27.390
40 75 27.195
40 80 32.125
40 85 37.298
40 90 39.355
40 95 46.809
40 100 43.650
45 10 5.980
45 15 8.750
45 20 12.852
45 25 14.926
45 30 18.724
45 35 20.695
45 40 23.068
45 45 23.591
45 50 27.539
45 55 32.988
45 60 27.961
45 65 37.203
45 70 32.352
45 75 33.157
45 80 39.100
45 85 43.926
45 90 45.211
45 95 48.933
45 100 44.351
50 10 6.406
50 15 10.062
50 20 11.540
50 25 16.688
50 30 21.762
50 35 22.114
50 40 24.809
50 45 26.803
50 50 26.270
50 55 27.076
50 60 32.401
50 65 32.648
50 70 34.249
50 75 35.546
50 80 46.469
50 85 41.034
50 90 48.132
50 95 64.181
50 100 57.622
55 10 7.145
55 15 11.253
55 20 16.559
55 25 17.817
55 30 20.582
55 35 27.841
55 40 27.644
55 45 28.919
55 50 33.057
55 55 36.555
55 60 43.025
55 65 39.920
55 70 44.635
55 75 49.252
55 80 50.418
55 85 45.050
55 90 52.702
55 95 54.968
55 100 47.932
60 10 6.933
60 15 10.364
60 20 13.967
60 25 23.626
60 30 26.959
60 35 34.588
60 40 28.004
60 45 28.152
60 50 32.799
60 55 33.050
60 60 34.442
60 65 37.810
60 70 39.672
60 75 40.579
60 80 42.804
60 85 45.656
60 90 46.756
60 95 46.910
60 100 49.887
65 10 6.716
65 15 10.873
65 20 14.842
65 25 18.209
65 30 21.718
65 35 25.232
65 40 27.738
65 45 32.342
65 50 31.232
65 55 34.586
65 60 39.016
65 65 41.041
65 70 42.302
65 75 43.871
65 80 47.751
65 85 50.561
65 90 50.172
65 95 52.326
65 100 52.901
70 10 7.669
70 15 11.738
70 20 16.573
70 25 19.606
70 30 23.084
70 35 27.603
70 40 30.039
70 45 32.965
70 50 36.092
70 55 39.719
70 60 40.920
70 65 45.148
70 70 45.900
70 75 48.665
70 80 51.315
70 85 51.638
70 90 54.305
70 95 56.964
70 100 60.159
75 10 8.248
75 15 12.692
75 20 16.969
75 25 21.517
75 30 24.644
75 35 29.225
75 40 31.376
75 45 36.135
75 50 39.745
75 55 42.718
75 60 43.055
75 65 48.280
75 70 51.732
75 75 51.792
75 80 55.433
75 85 57.916
75 90 58.416
75 95 61.641
75 100 62.036
80 10 8.388
80 15 14.055
80 20 18.151
80 25 22.538
80 30 27.336
80 35 39.092
80 40 44.540
80 45 45.965
80 50 47.955
80 55 52.120
80 60 59.771
80 65 54.974
80 70 59.370
80 75 65.792
80 80 69.103
80 85 66.532
80 90 62.458
80 95 63.057
80 100 64.526
85 10 9.009
85 15 14.337
85 20 20.048
85 25 24.319
85 30 27.851
85 35 32.149
85 40 36.974
85 45 40.019
85 50 42.256
85 55 47.952
85 60 51.605
85 65 52.024
85 70 55.877
85 75 60.935
85 80 61.568
85 85 63.538
85 90 67.817
85 95 65.729
85 100 70.891
90 10 9.560
90 15 14.985
90 20 20.212
90 25 24.536
90 30 31.378
90 35 35.098
90 40 38.004
90 45 42.317
90 50 47.109
90 55 50.239
90 60 56.651
90 65 67.907
90 70 80.151
90 75 78.097
90 80 82.462
90 85 79.200
90 90 88.434
90 95 88.204
90 100 88.429
95 10 11.916
95 15 18.467
95 20 24.670
95 25 31.785
95 30 36.653
95 35 42.430
95 40 49.750
95 45 52.647
95 50 60.832
95 55 63.707
95 60 76.195
95 65 73.493
95 70 68.408
95 75 80.342
95 80 89.049
95 85 104.811
95 90 99.643
95 95 98.712
95 100 95.745
100 10 13.005
100 15 19.304
100 20 28.769
100 25 35.222
100 30 38.889
100 35 46.121
100 40 51.779
100 45 59.115
100 50 58.753
100 55 62.921
100 60 63.208
100 65 74.073
100 70 76.531
100 75 103.517
100 80 99.371
100 85 102.685
100 90 102.592
100 95 110.384
100 100 124.599
